k=150;
Cd=0.6;
a=1;
g=9.81;
A=100;